<?xml version="1.0" encoding="utf-8"?>
<opencv_storage>
   <ncameras>2</ncameras>
   <intrinsic_matrix_0 type_id="opencv-matrix">
      <rows>3</rows>
      <cols>3</cols>
      <dt>d</dt>
      <data>
1.387568067493582930e+03 0.000000000000000000e+00 1.023365607919307536e+03 0.000000000000000000e+00 1.388484636313603232e+03 9.826170565500219709e+02 0.000000000000000000e+00 0.000000000000000000e+00 1.000000000000000000e+00 </data>
   </intrinsic_matrix_0>
   <distortion_0 type_id="opencv-matrix">
      <rows>1</rows>
      <cols>5</cols>
      <dt>d</dt>
      <data>
-1.699464481329500953e-01 1.037890723530551507e-01 -1.343643214518156490e-04 -9.632742957689408806e-04 0.000000000000000000e+00 </data>
   </distortion_0>
   <pose_0 type_id="opencv-matrix">
      <rows>4</rows>
      <cols>4</cols>
      <dt>d</dt>
      <data>
1.000000000000000000e+00 0.000000000000000000e+00 0.000000000000000000e+00 -7.622218701741510394e+00 0.000000000000000000e+00 1.000000000000000000e+00 0.000000000000000000e+00 4.227830369639376329e+01 0.000000000000000000e+00 0.000000000000000000e+00 1.000000000000000000e+00 1.186040562746989963e+03 0.000000000000000000e+00 0.000000000000000000e+00 0.000000000000000000e+00 1.000000000000000000e+00 </data>
   </pose_0>
   <intrinsic_matrix_1 type_id="opencv-matrix">
      <rows>3</rows>
      <cols>3</cols>
      <dt>d</dt>
      <data>
1.385145110978499588e+03 0.000000000000000000e+00 1.014577502440380613e+03 0.000000000000000000e+00 1.386283646008436335e+03 1.078703025845138882e+03 0.000000000000000000e+00 0.000000000000000000e+00 1.000000000000000000e+00 </data>
   </intrinsic_matrix_1>
   <distortion_1 type_id="opencv-matrix">
      <rows>1</rows>
      <cols>5</cols>
      <dt>d</dt>
      <data>
-1.688726912325425600e-01 1.045317937612591230e-01 -1.734225773630429079e-04 -4.848724327332970736e-04 0.000000000000000000e+00 </data>
   </distortion_1>
   <pose_1 type_id="opencv-matrix">
      <rows>4</rows>
      <cols>4</cols>
      <dt>d</dt>
      <data>
9.997548490952445910e-01 -1.974861295547449686e-02 -1.001169300765843151e-02 -1.165564074086701041e+01 1.254174323404459029e-02 8.777361245993930972e-01 -4.789801668648609456e-01 3.975572646325591677e+02 1.824681854998368158e-02 4.787371803605539600e-01 8.777686288272270598e-01 1.393697028639165865e+03 0.000000000000000000e+00 0.000000000000000000e+00 0.000000000000000000e+00 1.000000000000000000e+00 </data>
   </pose_1>
</opencv_storage>