<?xml version="1.0"?>
<opencv_storage>
<ncameras>2.</ncameras>
 <!-- resumed -->

<pose_0 type_id="opencv-matrix">
  <rows>4</rows>
  <cols>4</cols>
  <dt>d</dt>
  <data>
    -9.9975884141929716e-01 -1.9663083577624682e-02
    -9.7786577894851904e-03 2.3960770101324730e+01
    1.2596475289801174e-02 -8.7822032197929456e-01
    4.7809036266469301e-01 -1.7450255985791409e+02
    -1.7988546751139770e-02 4.7785189045017246e-01
    8.7825621715930891e-01 -1.2689224150808659e+03 0. 0. 0. 1.</data></pose_0>
 <!-- resumed -->

<intrinsic_matrix_0 type_id="opencv-matrix">
  <rows>3</rows>
  <cols>3</cols>
  <dt>d</dt>
  <data>
    1.3854069839766423e+03 0. 1.0142369229097144e+03 0.
    1.3860018990405542e+03 9.6972229918852702e+02 0. 0. 1.</data></intrinsic_matrix_0>
 <!-- resumed -->

<distortion_0 type_id="opencv-matrix">
  <rows>5</rows>
  <cols>1</cols>
  <dt>d</dt>
  <data>
    -1.6496133317304024e-01 7.6541851811227621e-02
    1.4703239618294489e-04 -5.0753504623544379e-04
    5.9159458153562314e-02</data></distortion_0>
 <!-- resumed -->

<pose_1 type_id="opencv-matrix">
  <rows>4</rows>
  <cols>4</cols>
  <dt>d</dt>
  <data>
    -9.9999925934757616e-01 4.6011102855678676e-05
    -1.2162184333542050e-03 9.1657057770283288e+00
    -4.6920052752197648e-05 -9.9999971964107015e-01
    7.4733947436152800e-04 4.1419559776785363e+01
    -1.2161837064630836e-03 7.4739598587578605e-04
    9.9999898114769714e-01 -1.1865049751543168e+03 0. 0. 0. 1.</data></pose_1>
 <!-- resumed -->

<intrinsic_matrix_1 type_id="opencv-matrix">
  <rows>3</rows>
  <cols>3</cols>
  <dt>d</dt>
  <data>
    1.3877924464919429e+03 0. 1.0250625063928485e+03 0.
    1.3892469602478291e+03 1.0633879325646449e+03 0. 0. 1.</data></intrinsic_matrix_1>
 <!-- resumed -->

<distortion_1 type_id="opencv-matrix">
  <rows>5</rows>
  <cols>1</cols>
  <dt>d</dt>
  <data>
    -1.6987468870812769e-01 1.0743242290093688e-01
    1.9614281508288295e-04 -6.6638746010521906e-04
    -8.9751502378932948e-03</data></distortion_1>
</opencv_storage>
